Hi|Hf|MV
9 9 |1
8 7 |2
8 7 |2
8 7 |2
8 7 |2
8 7 |2
8 7 |2
8 8 |1
8 8 |1
8 8 |1
8 8 |1
8 8 |1
8 8 |1
8 8 |1
8 8 |1
8 8 |1
8 8 |1
8 8 |1
8 8 |1
8 8 |1
8 8 |1
8 8 |1
8 8 |1
8 8 |1
8 8 |1
8 8 |1
8 7 |2
8 7 |2
8 7 |2
8 7 |2
7 7 |1
7 7 |1
7 7 |1
7 7 |1
7 7 |1
7 7 |1
7 7 |1
7 7 |1
8 7 |2
8 7 |2
8 7 |2
8 7 |2
8 7 |2
9 8 |2
9 8 |2
9 8 |2
9 8 |2
9 8 |2
9 8 |2
9 7 |3
9 7 |3
9 7 |3
9 7 |3
8 8 |1
8 8 |1
8 8 |1
8 8 |1
8 8 |1
9 9 |1
9 9 |1
9 9 |1
9 9 |1
9 9 |1
9 9 |1
9 9 |1
9 9 |1
9 9 |1
9 9 |1
9 9 |1
8 8 |1
8 8 |1
8 8 |1
8 8 |1
8 8 |1
8 8 |1
8 8 |1
8 8 |1
8 8 |1
8 8 |1
8 8 |1
8 8 |1
7 7 |1
7 7 |1
7 7 |1
7 7 |1
7 7 |1
7 7 |1
7 7 |1
7 7 |1
6 6 |1
6 6 |1
6 6 |1
6 6 |1
6 6 |1
6 6 |1
6 6 |1
6 6 |1
6 6 |1
6 6 |1
6 6 |1
