Hi|Hf|MV
22 16 |4
22 16 |4
16 16 |1
16 16 |1
16 16 |1
16 16 |1
14 10 |3
14 10 |3
20 18 |2
12 12 |1
16 16 |1
16 16 |1
16 16 |1
16 16 |1
16 16 |1
20 16 |3
18 10 |5
18 16 |2
18 16 |2
18 16 |2
16 14 |2
16 14 |2
16 14 |2
18 16 |2
18 16 |2
18 16 |2
18 16 |2
18 14 |3
18 14 |3
18 12 |4
18 12 |4
10 10 |1
10 10 |1
10 10 |1
10 10 |1
14 10 |3
14 10 |3
14 10 |3
12 12 |1
12 12 |1
18 14 |3
18 14 |3
12 10 |2
12 10 |2
12 10 |2
18 18 |1
18 18 |1
18 18 |1
18 18 |1
16 14 |2
16 14 |2
16 14 |2
16 14 |2
12 12 |1
12 12 |1
12 12 |1
18 16 |2
18 16 |2
18 16 |2
18 16 |2
16 16 |1
16 16 |1
16 16 |1
16 16 |1
18 12 |4
18 12 |4
20 16 |3
12 10 |2
18 14 |3
22 20 |2
18 16 |2
18 16 |2
18 16 |2
22 20 |2
22 20 |2
22 20 |2
18 18 |1
18 18 |1
18 18 |1
18 18 |1
18 18 |1
12 10 |2
12 10 |2
12 10 |2
12 10 |2
18 16 |2
18 16 |2
18 16 |2
14 14 |1
14 14 |1
14 14 |1
14 14 |1
14 14 |1
14 14 |1
20 18 |2
20 18 |2
20 18 |2
20 18 |2
18 18 |1
18 18 |1
